100
0 1.0 0.0 5
1 18.0 0.0 5
0 1.0 1.0 5
1 18.00138217066749 0.9474411668772363 5
0 1.0 2.0 5
1 18.005494547078595 1.8953152154819572 5
0 1.0 3.0 5
1 18.01223703467093 2.844037426526989 5
0 1.0 4.0 5
1 18.02145021501325 3.7939895189501582 5
0 1.0 5.0 5
1 18.032925462737353 4.745506700720356 5
0 1.0 6.0 5
1 18.046417334865858 5.6988686320629025 5
0 1.0 7.0 5
1 18.06165688318289 6.654294641172644 5
0 1.0 8.0 5
1 18.078364624861933 7.611942999941867 5
0 1.0 9.0 5
1 18.096262161106463 8.571913655260955 5
0 2.0 0.0 5
1 17.0 0.0 5
0 2.0 1.0 5
1 17.001539646794587 0.944529980377477 5
0 2.0 2.0 5
1 17.00611626532638 1.8895684739251535 5
0 2.0 3.0 5
1 17.013606076167857 2.8356010126946427 5
0 2.0 4.0 5
1 17.023812939816047 3.7830695421813436 5
0 2.0 5.0 5
1 17.03648209037006 4.732356136213905 5
0 2.0 6.0 5
1 17.051316701949485 5.683772233983162 5
0 2.0 7.0 5
1 17.067995328458704 6.637553738845051 5
0 2.0 8.0 5
1 17.086188451379744 7.593861533946552 5
0 2.0 9.0 5
1 17.105572809000083 8.552786404500042 5
0 3.0 0.0 5
1 16.0 0.0 5
0 3.0 1.0 5
1 16.001725626825003 0.9412779780485296 5
0 3.0 2.0 5
1 16.006849395677122 1.8831587524326028 5
0 3.0 3.0 5
1 16.015216441182062 2.8262146660909524 5
0 3.0 4.0 5
1 16.026582831666424 3.7709606662744526 5
0 3.0 5.0 5
1 16.04063449842873 4.71783367600845 5
0 3.0 6.0 5
1 16.05700966641711 5.667179882264863 5
0 3.0 7.0 5
1 16.075321901525285 6.619250194745705 5
0 3.0 8.0 5
1 16.095181297799005 7.57420296367012 5
0 3.0 9.0 5
1 16.11621208365294 8.532112279580968 5
0 4.0 0.0 5
1 15.0 0.0 5
0 4.0 1.0 5
1 15.001947421517112 0.9376217138448195 5
0 4.0 2.0 5
1 15.007722123286332 1.8759652654107914 5
0 4.0 3.0 5
1 15.017127813065677 2.8157114649498145 5
0 4.0 4.0 5
1 15.029857499854668 3.757464374963667 5
0 4.0 5.0 5
1 15.04552002196497 4.701725006864053 5
0 4.0 6.0 5
1 15.063670822430955 5.648876558411608 5
0 4.0 7.0 5
1 15.08384266509781 6.599181165980292 5
0 4.0 8.0 5
1 15.105572809000083 7.552786404500042 5
0 4.0 9.0 5
1 15.12842446287545 8.50973876036744 5
0 5.0 0.0 5
1 14.0 0.0 5
0 5.0 1.0 5
1 14.002214842143392 0.933480989476226 5
0 5.0 2.0 5
1 14.008772099317365 1.867836279908982 5
0 5.0 3.0 5
1 14.01941932430908 2.803883864861816 5
0 5.0 4.0 5
1 14.033765060398753 3.7423373494396674 5
0 5.0 5.0 5
1 14.051316701949487 4.683772233983162 5
0 5.0 6.0 5
1 14.07152330911474 5.628609323645896 5
0 5.0 7.0 5
1 14.093816860004734 6.577114534668876 5
0 5.0 8.0 5
1 14.117647058823529 7.529411764705882 5
0 5.0 9.0 5
1 14.142507074287456 8.485504244572473 5
100
0 2.0 0.0 5
1 17.0 0.0 5
0 1.9999869136550332 0.9948840916074195 5
1 17.0029313294989 0.8918001948356562 5
0 1.9999483954156663 1.9898409397268084 5
1 17.011648174343502 1.7845479486505456 5
0 1.9998865669716128 2.984938353684874 5
1 17.02592469306778 2.6791496925947595 5
0 1.9998046533822402 3.9802350037890633 5
1 17.045402332809243 3.5764337062374856 5
0 1.9997065931982063 4.975777541081954 5
1 17.069614043692102 4.477120579736004 5
0 1.9995966177792677 5.971599265427661 5
1 17.09801363845629 5.381803293943658 5
0 1.9994788731977997 6.967720253544105 5
1 17.1300069207309 6.290937588862935 5
0 1.9993571327459008 7.964148623040506 5
1 17.16498150139598 7.204841943977154 5
0 1.9992346178435163 8.960882503874581 5
1 17.202332940594584 8.12370550192701 5
0 3.0 0.0 5
1 16.0 0.0 5
0 2.9999846422084917 0.9944578571694023 5
1 16.003277227055854 0.8856051016133091 5
0 2.999939443905602 1.9889950682984632 5
1 16.013012510216804 1.7723296937060673 5
0 2.999866910750455 2.983685565092787 5
1 16.028924454103613 2.661239023806793 5
0 2.9997708496158473 3.978593266049982 5
1 16.050568845667495 3.5532958857170587 5
0 2.9996559062351538 4.973768928173372 5
1 16.077371872734776 4.449323292841269 5
0 2.9995270669446517 5.969248700108418 5
1 16.108669720412806 5.349980879691616 5
0 2.99938921169709 6.965054277179185 5
1 16.14374959279533 6.255755598320418 5
0 2.999246775149692 7.961194299994187 5
1 16.18188784423973 7.166965279657297 5
0 2.999103536592017 8.957666524247061 5
1 16.222382143405042 8.08377228082594 5
0 4.0 0.0 5
1 15.0 0.0 5
0 3.9999817236520947 0.9939541450740988 5
1 15.003688279022304 0.8786564770208866 5
0 3.9999279440565716 1.9879955552065907 5
1 15.014631058033332 1.7586486305814253 5
0 3.999841665307978 2.9822054976419894 5
1 15.032473258903908 2.6412394307598284 5
0 3.9997274489243964 3.9766541680996723 5
1 15.056658131010712 3.5275554998175163 5
0 3.9995908567806775 4.971397219707327 5
1 15.08647357551049 4.418539617972185 5
0 3.9994378516848683 5.966474179808161 5
1 15.121106254605646 5.314923152365116 5
0 3.9992742608357825 6.961908640991684 5
1 15.159696118973685 6.217218571205006 5
0 3.9991053703931962 7.957709825591822 5
1 15.201385288465449 7.125729225643679 5
0 3.9989356756855736 8.953874997641119 5
1 15.245357360942272 8.040571790981579 5
0 5.0 0.0 5
1 14.0 0.0 5
0 4.999977886636649 0.9933497189757954 5
1 14.004181975494609 0.8708076829567222 5
0 4.999912828178236 1.9867963624481189 5
1 14.01657103895541 1.7432266951697346 5
0 4.999808492061751 2.9804301456007773 5
1 14.036712740520423 2.618769124336919 5
0 4.999670443136907 3.9743289050007675 5
1 14.063900274492143 3.4987625412439707 5
0 4.999505459535145 4.968554231454161 5
1 14.097240252598418 4.384289219640687 5
0 4.999320797872805 5.963149722675931 5
1 14.135727676531904 5.276154788214359 5
0 4.999123537329716 6.9581412236949625 5
1 14.178318999696014 6.174885406636301 5
0 4.998920086078066 7.953538600647532 5
1 14.223994768558986 7.080748102439673 5
0 4.998715879434853 8.949338454774171 5
1 14.271807037587193 7.993786643701061 5
0 6.0 0.0 5
1 13.0 0.0 5
0 5.999972701107111 0.9926110189775705 5
1 13.004782110981013 0.8618713057319184 5
0 5.999892404721008 1.9853310197614285 5
1 13.018923420459178 1.7257110078328946 5
0 5.999763688130959 2.97826137320844 5
1 13.041832925888947 2.593349227274663 5
0 5.999593490704415 3.9714894170286974 5
1 13.072600443338182 3.4663616640780655 5
0 5.999390253765567 4.965084091327926 5
1 13.110091859368259 4.345991542249689 5
0 5.999162998893154 5.959093990137899 5
1 13.153054517253327 5.233115861782571 5
0 5.998920507958705 6.9535476719687646 5
1 13.20021576813414 6.128252541838473 5
0 5.9986707093363725 7.948455705324574 5
1 13.250362866396413 7.031598416586283 5
0 5.998420306036039 8.94381376952577 5
1 13.302398807776349 7.943085494399046 5
100
0 3.0 0.0 5
1 16.0 0.0 5
0 2.999913876260417 0.9827981719166571 5
1 16.004693321250535 0.8324632005712171 5
0 2.9996612276155483 1.9658773603846016 5
1 16.01864009024556 1.6665015809972559 5
0 2.9992583197602896 2.949496856424066 5
1 16.041451218655958 2.5036162821581316 5
0 2.9987295090667048 3.9338762646369756 5
1 16.072511604145397 3.34516842548845 5
0 2.9981038913964233 4.919183946475315 5
1 16.111024969964713 4.192327694062106 5
0 2.9974118396150478 5.905532760504115 5
1 16.15606748297145 5.046039328981166 5
0 2.9966820830453456 6.892982322948246 5
1 16.20664355767229 5.9070103825319755 5
0 2.995939691594062 7.881545939066849 5
1 16.261738064706677 6.775713415354675 5
0 2.995205026169621 8.871200032127131 5
1 16.32036077207355 7.652404012480706 5
0 4.0 0.0 5
1 15.0 0.0 5
0 3.9998968420800107 0.9812067233273598 5
1 15.005271067798732 0.8224884945684997 5
0 3.999594342350892 1.9627256180884523 5
1 15.020916082383005 1.6468518953534592 5
0 3.999112307485985 2.9448443871645438 5
1 15.046445378696621 2.4748661009144826 5
0 3.9984803483110016 3.927806090345152 5
1 15.081089955073164 3.3081210895165047 5
0 3.9977337530420183 4.911796259089544 5
1 15.123863874636044 4.147955581296475 5
0 3.996909242468041 5.896938286278659 5
1 15.17363739906301 4.995418391501999 5
0 3.9960414136066142 6.883296167924524 5
1 15.22921105827277 5.851256811086972 5
0 3.9951603116220102 7.870882463166448 5
1 15.289382535719476 6.7159283917388395 5
0 3.9942901943584856 8.859668992627098 5
1 15.353001037132184 7.5896301028490125 5
0 5.0 0.0 5
1 14.0 0.0 5
0 4.999874165199844 0.979287675298461 5
1 14.005963329832614 0.8112404124336502 5
0 4.9995053496816135 1.9589264966750402 5
1 14.023637765702833 1.6247371129440003 5
0 4.998918205184659 2.939239610381999 5
1 14.052398281666552 2.442611539986158 5
0 4.998149511279614 3.920499155835822 5
1 14.091271071726004 3.266734055596336 5
0 4.997242968047698 4.902911711134661 5
1 14.139021990979526 4.0986404229595 5
0 4.996243869950634 5.886613288571269 5
1 14.194257720287652 4.939487679304051 5
0 4.995194681555177 6.871672752376874 5
1 14.255524889874367 5.790048361020552 5
0 4.994132058689145 7.858101143345761 5
1 14.32139577237351 6.65073611877972 5
0 4.99308537779968 8.845864026964833 5
1 14.390533993926205 7.521652711352283 5
0 6.0 0.0 5
1 13.0 0.0 5
0 5.999843024628723 0.9769269960563182 5
1 13.006802809000163 0.7984557773643755 5
0 5.999383227732699 1.9542553050829767 5
1 13.026930260250007 1.5996609293222928 5
0 5.998652143004491 2.932353529960961 5
1 13.059571650748985 2.406177283759046 5
0 5.997696694800699 3.911530807976088 5
1 13.103476065138755 3.2202210935419795 5
0 5.996572421507669 4.892020099572486 5
1 13.157080276184214 4.043555865316748 5
0 5.995336595049887 5.873972753823531 5
1 13.218650752421343 4.877444473243811 5
0 5.994042568921941 6.857462921287794 5
1 13.28641722934811 5.722656225744273 5
0 5.992736042122613 7.842498763150971 5
1 13.358682028528873 6.579515759168032 5
0 5.991453289405075 8.829037021509162 5
1 13.43389771401408 7.447977184760263 5
0 7.0 0.0 5
1 12.0 0.0 5
0 6.999798568955837 0.9739499905884368 5
1 12.007834920276185 0.7837925061397707 5
0 6.999209049261204 1.9483682825126283 5
1 12.030966208653892 1.5709836746240364 5
0 6.998273226296448 2.923683885243697 5
1 12.068322879551792 2.3647049846604475 5
0 6.997053062666103 3.9002545779258613 5
1 12.118272084110297 3.167601923193498 5
0 6.995621517676921 4.878347312476124 5
1 12.1788082469281 3.9816965612241395 5
0 6.994053318213915 5.8581323512752395 5
1 12.247755409491608 4.808341185647286 5
0 6.992417491515095 6.839689235020264 5
1 12.322948004739244 5.648251217561009 5
0 6.99867043902562 7.9477204356922 5
1 12.40236868262833 6.50159288426091 5
0 6.989164358382118 8.808070545971631 5
1 12.484236373576227 7.368098336921829 5
100
0 4.0 0.0 5
1 15.0 0.0 5
0 3.9996699307633397 0.9607112643750995 5
1 15.006735847696909 0.7685814271263259 5
0 3.9987066589496787 1.9221941126756499 5
1 15.02673389164746 1.5395287761031977 5
0 3.997185813168522 2.885148446187587 5
1 15.059384003589539 2.315085157163641 5
0 3.995217948316616 3.850145801594687 5
1 15.103727364068291 3.097263007681126 5
0 3.9929305808760898 4.817597245087155 5
1 15.158533358282817 3.8877628739078043 5
0 3.9904509287430727 5.787747500544381 5
1 15.222389697790865 4.687925110525276 5
0 3.987892863856498 6.7606902672391245 5
1 15.29379374835216 5.498714869913723 5
0 3.9944787487631355 7.827511215898338 5
1 15.37123513865303 6.320735900866438 5
0 3.982890362788161 8.714746601903562 5
1 15.453263154831557 7.1542657563978596 5
0 5.0 0.0 5
1 14.0 0.0 5
0 4.999593112180462 0.956561895325432 5
1 14.007609690538144 0.7541381008424334 5
0 4.998406888914711 1.9140070710380759 5
1 14.030170361137857 1.5111208530881302 5
0 4.9965378070309505 2.8731340472024742 5
1 14.066903552780076 2.2736254209313365 5
0 4.9941262617827835 3.8345901314811215 5
1 14.116595735488609 3.0440171319770952 5
0 4.991333118420205 4.798834756266395 5
1 14.17770748899844 3.824245689700334 5
0 4.988317482895681 5.766134231249124 5
1 14.248498287880397 4.6157901194249 5
0 4.9950121223515085 6.837936239907342 5
1 14.327148732276212 5.4196510187049896 5
0 4.993410982525017 7.81175888037839 5
1 14.411866319210015 6.23638142869672 5
0 4.979205599664973 8.686632452006462 5
1 14.500966829194624 7.066143991758935 5
0 6.0 0.0 5
1 13.0 0.0 5
0 5.999485294377777 0.9514023669154203 5
1 13.008668831290258 0.7377306635757449 5
0 5.997986816781479 1.9038378421434463 5
1 13.034325367106199 1.4789256662638017 5
0 5.995632021285399 2.8582360993846314 5
1 13.075959745277276 2.226815838791792 5
0 5.9926052590317775 3.8153432441490103 5
1 13.132013231051467 2.9842019421925237 5
0 5.989115891323144 4.7756792307178255 5
1 13.200536567521482 3.753321570365588 5
0 5.995715080947963 5.854097163532554 5
1 13.279365411458189 4.535789694116245 5
0 5.993948894871155 6.821772638313036 5
1 13.366285056491625 5.332607087494177 5
0 5.991999013185049 7.792820662916555 5
1 13.459165204346172 6.144220129338858 5
0 5.974178084911876 8.652325658543315 5
1 13.556055975160362 6.970611482226336 5
0 7.0 0.0 5
1 12.0 0.0 5
0 6.999326733613823 0.9447973294942541 5
1 12.009971014414809 0.7189172753433988 5
0 6.997370393765336 1.8908390892218452 5
1 12.039418316700882 1.4421167725032276 5
0 6.994307428198419 2.8392377253658334 5
1 12.08700648432267 2.173546681614461 5
0 6.990390880277284 3.7908732175767224 5
1 12.15069967728197 2.9165483177740867 5
0 6.985904560558582 4.746342652309898 5
1 12.22799682013874 3.673685710123608 5
0 6.994700939048313 5.838322957967248 5
1 12.316182113835733 4.446688908718597 5
0 6.992504199693666 6.802015902642367 5
1 12.412547906999576 5.236495339351597 5
0 6.990076329971245 7.769612891858881 5
1 12.514564169644705 6.0433580954973465 5
0 6.967061034544601 8.609515888987097 5
1 12.619986930627173 6.866987308181926 5
0 8.0 0.0 5
1 11.0 0.0 5
0 7.999078469295283 0.9360068650241495 5
1 11.011599130055147 0.6971077307598572 5
0 7.996408317454846 1.8735777783422185 5
1 11.045761468309655 1.3996021715286209 5
0 7.992250417768771 2.8140967380374993 5
1 11.100680996582632 2.1123774468769136 5
0 7.986974123245606 3.7586343328295047 5
1 11.17364771277551 2.8394483050809414 5
0 7.9955326972895255 4.865019413702137 5
1 11.261406311048274 3.5837346433928605 5
0 7.993278610951103 5.818777372501516 5
1 11.360519302615533 4.347025577136818 5
0 7.9904703639986705 6.777315653054147 5
1 11.46766803153044 5.130085059434153 5
0 7.993134403120358 7.842642254717366 5
1 11.579859771229359 5.932840661698854 5
0 7.956502631317637 8.554581560581479 5
1 11.694540087596756 6.754600353298223 5
100
0 5.0 0.0 5
1 14.0 0.0 5
0 4.998964040195075 0.923144219574689 5
1 14.0091649623549 0.6989227685262593 5
0 4.995968281098419 1.8482396875932832 5
1 14.036340244813351 1.4012521536732452 5
0 4.9913204703971 2.776999089753918 5
1 14.080599241534896 2.1101939919816397 5
0 4.985451100143384 3.7107244796126264 5
1 14.140498467257444 2.8285808676930757 5
0 4.9788262527323734 4.6502361856526315 5
1 14.21420826327993 3.558749021695182 5
0 4.986605142321471 5.700130248989656 5
1 14.299661387539755 4.302474120824727 5
0 4.982000191417856 6.652289984542009 5
1 14.394697654257017 5.060963555143728 5
0 4.984910320290247 7.689506498144426 5
1 14.497188278141442 5.834894274788727 5
0 4.952072177746367 8.468400078578554 5
1 14.605130962180482 6.624481098457599 5
0 6.0 0.0 5
1 13.0 0.0 5
0 5.998663190518222 0.913446021564344 5
1 13.010436953549648 0.6789946872463425 5
0 5.9948085646432245 1.8292503568178455 5
1 13.041329597802767 1.3621445302483128 5
0 5.988860861924975 2.749461274427742 5
1 13.091471995719893 2.053322725779538 5
0 5.98140641182992 3.6755998634679377 5
1 13.159005240073563 2.7558844488417593 5
0 5.988826565083861 4.728075842601324 5
1 13.241608487564537 3.4725090559607574 5
0 5.983533788694056 5.668438250405305 5
1 13.336708868961914 4.205132043224886 5
0 5.985697477762381 6.701765293760837 5
1 13.441676662389012 4.954958417677519 5
0 5.981194705714301 7.655927830191607 5
1 13.553983294136707 5.72253639827308 5
0 5.940222692717939 8.41014348864621 5
1 13.671312682194573 6.507866286341983 5
0 7.0 0.0 5
1 12.0 0.0 5
0 6.99820070275028 0.9007315362596523 5
1 12.012005144209088 0.656112682384296 5
0 6.993034575808725 1.8044398680451008 5
1 12.047460909553703 1.3173752332107818 5
0 6.985126984666186 2.713668753680098 5
1 12.104764674720581 1.9885300126787444 5
0 6.975324239773299 3.630239476250177 5
1 12.181479056513698 2.67358194438845 5
0 6.985946767574983 4.696129220340762 5
1 12.274618537261437 3.3755970659455548 5
0 6.987074959072742 5.722927075309582 5
1 12.380950912650238 4.096641213153758 5
0 6.981521948723572 6.664612009322786 5
1 12.497261391785548 4.837836564745681 5
0 6.975826547855024 7.613702316493864 5
1 12.620549975028558 5.599495889785885 5
0 6.923311494574656 8.337451444511894 5
1 12.748155274613504 6.3812928434103755 5
0 8.0 0.0 5
1 11.0 0.0 5
0 7.997426681221546 0.8831816286911257 5
1 11.013974624068293 0.6295238168762972 5
0 7.990088852272006 1.7703813699169295 5
1 11.05512889671813 1.265554212173975 5
0 7.979000316551041 2.664939373027745 5
1 11.121279168587888 1.9139879182415163 5
0 7.9892168903299785 3.7424314830679988 5
1 11.209162256840846 2.579639894149694 5
0 7.981764349287204 4.655440060524041 5
1 11.314878472045471 3.265991115634769 5
0 7.98239646007153 5.681933835101635 5
1 11.434331260779881 3.9751604652873804 5
0 7.9750236634846425 6.615856016329841 5
1 11.563582804331727 4.708046425593445 5
0 7.967583485175655 7.558710636005173 5
1 11.699091568776954 5.464562417184191 5
0 7.897967142912074 8.244257326590365 5
1 11.837836075767497 6.243898197185531 5
0 9.0 0.0 5
1 10.0 0.0 5
0 8.995948813547022 0.8569529799114024 5
1 10.016505163133722 0.5981734242904622 5
0 8.98454290185394 1.7199872737059247 5
1 10.064925959367303 1.2047645355395842 5
0 8.992218669275054 2.8220651744881002 5
1 10.142194954872489 1.8272379935443024 5
0 8.985550654285188 3.705296619558751 5
1 10.243835751297446 2.4714133661249846 5
0 8.983890989855142 4.712875121936787 5
1 10.364671037520072 3.1411673047761264 5
0 8.974193686525657 5.6243407131222565 5
1 10.499471258273404 3.8385019637867637 5
0 8.963892805786625 6.548298732667081 5
1 10.64342330961856 4.56385132818847 5
0 8.952542472479545 7.560620701554353 5
1 10.792393924298475 5.316482373105746 5
0 8.857486833989707 8.120729665880797 5
1 10.943023299697149 6.094886386866515 5
100
0 6.0 0.0 5
1 13.0 0.0 5
0 5.996873237314626 0.8585126924055693 5
1 13.012160703846027 0.6215760910593447 5
0 5.988006950301577 1.7223060590200303 5
1 13.048150794136854 1.2480150512088477 5
0 5.974742492890981 2.595667554509647 5
1 13.106553994873895 1.8838406013352653 5
0 5.958783844117237 3.4813266384973938 5
1 13.185194244649805 2.5329563723141995 5
0 5.968188621157091 4.504764181662057 5
1 13.281366367532046 3.1984630276050776 5
0 5.9670216494511585 5.503195050135759 5
1 13.392085692947955 3.882585613496637 5
0 5.956576732576291 6.4282351577168315 5
1 13.514315766183515 4.586698090290832 5
0 5.950911150801832 7.430967535024885 5
1 13.645148592486944 5.311417079421265 5
0 5.881767462890519 8.100070502273942 5
1 13.781928304318738 6.056733457256545 5
0 7.0 0.0 5
1 12.0 0.0 5
0 6.995598710146952 0.835218342942297 5
1 12.014010157005393 0.5945338138874136 5
0 6.983241719898809 1.6775931855680486 5
1 12.055375031427653 1.1951307791855312 5
0 6.965084733685618 2.532696535125752 5
1 12.122193965611519 1.8073550442658264 5
0 6.974055334389562 3.5545704598455883 5
1 12.211591101043322 2.4358743721791893 5
0 6.9699288844711536 4.53458620749682 5
1 12.320067441905444 3.0842280994800895 5
0 6.95657056093415 5.4377882127539285 5
1 12.443862754102666 3.7547701718583752 5
0 6.9782872618721346 6.58025183573683 5
1 12.579263610108773 4.448753195206749 5
0 6.935099870109032 7.355819620805292 5
1 12.722825650362822 5.166499554892856 5
0 6.847748673411396 7.990147542991516 5
1 12.8715067192491 5.907607657385378 5
0 8.0 0.0 5
1 11.0 0.0 5
0 7.993214113906976 0.8009903129950686 5
1 11.016354270359562 0.5629497208455158 5
0 7.97450823490766 1.6128427477772134 5
1 11.06448721713442 1.1336288862767454 5
0 7.9823751000595635 2.6395324174855093 5
1 11.141772362077582 1.719001153759173 5
0 7.965073251342795 3.487421780927766 5
1 11.244317089169941 2.324687337143828 5
0 7.957424439949619 4.458998176237379 5
1 11.367518889791816 2.9546811247405596 5
0 7.9814191573332405 5.616721541622835 5
1 11.506598226806647 3.6113501862862725 5
0 7.971338190810377 6.522261010375974 5
1 11.657010376167271 4.295638970918066 5
0 7.90972543656524 7.256165093724228 5
1 11.814704718153196 5.007369702245185 5
0 7.796601175777599 7.850250117846557 5
1 11.976247483367112 5.745558337651 5
0 9.0 0.0 5
1 10.0 0.0 5
0 8.98761040613117 0.7434097040277594 5
1 10.019408628035146 0.5254157982869834 5
0 8.95488192097231 1.50737122831047 5
1 10.076280017668228 1.0609695793621454 5
0 8.975369493523724 2.5798014662013693 5
1 10.166847507423629 1.6155583550825812 5
0 8.958644586784127 3.497054342022623 5
1 10.285689221344231 2.195976561642317 5
0 8.932944530341832 4.346803926591406 5
1 10.426642156071303 2.806604299340879 5
0 8.974045227997154 5.55296592796349 5
1 10.583593250505377 3.449570475015328 5
0 8.959965550753925 6.44297027746621 5
1 10.75100874004124 4.125188475452557 5
0 8.864874543475322 7.117271221480979 5
1 10.924199015118468 4.832469441203102 5
0 8.714945177074599 7.667588538033245 5
1 11.09938588931225 5.5695901651080435 5
0 9.0 0.0 5
1 9.0 0.0 4
0 8.995948813547022 0.8569529799114024 5
1 9.023539454874184 0.47977113452952186 4
0 8.98454290185394 1.7199872737059247 5
1 9.09206912189652 0.9733567271442158 5
0 8.992218669275054 2.8220651744881002 5
1 9.199916772366024 1.492406951416616 4
0 8.985550654285188 3.705296619558751 5
1 9.339264827514647 2.045090197804599 4
0 9.979883310984912 4.6234363370024205 5
1 9.501717732845961 2.6358836280636964 4
0 9.960160033806364 5.457396524753985 5
1 9.679460580074032 3.266153741426453 5
0 9.938639962779657 6.324987335882233 5
1 9.865866278820734 3.935038904760889 5
0 9.75777905660566 6.967667040983053 5
1 10.055669977398617 4.640288742505534 5
0 9.574784509728616 7.423962815076627 5
1 10.244892506815022 5.378916138860515 5
100
0 7.0 0.0 5
1 12.0 0.0 5
0 6.989134631353436 0.7343461675280627 5
1 12.016066456187056 0.5332797163845642 5
0 6.960111087913661 1.4877563934106615 5
1 12.06346839000152 1.073657479000873 5
0 6.920914428453625 2.272003116621207 5
1 12.13993947111009 1.6276056262657594 5
0 6.931473184209863 3.249215786381056 5
1 12.242080616488117 2.2004857956074817 5
0 6.916755321732464 4.188186837937732 5
1 12.365804072582447 2.7962868422501717 5
0 6.945468157846123 5.296694613793113 5
1 12.506773601939658 3.4175883000479277 5
0 6.9279201189148445 6.190554645649998 5
1 12.660761945979381 4.065693410834947 5
0 6.853175523869416 6.99978427805291 5
1 12.823893698329861 4.740855602608258 5
0 6.73027221101815 7.570882735592904 5
1 12.992778728149329 5.442532393734473 5
0 8.0 0.0 5
1 11.0 0.0 5
0 7.980583157148248 0.6625752452941438 5
1 11.018861095107544 0.49615523591520505 5
0 7.931750269916257 1.360841657483657 5
1 11.07430072523664 1.0014991553948358 5
0 7.944639079707063 2.3315168065482914 5
1 11.163113492430838 1.524221425697631 5
0 7.913904051936703 3.2129794937399336 5
1 11.280615676101933 2.0707925208701967 5
0 7.9491632762319355 4.33185484338931 5
1 11.421370077049282 2.6456587818111603 5
0 7.925019145162126 5.188574770687032 5
1 11.579841781041189 3.251314356408897 5
0 7.91683064697418 6.235090548392502 5
1 11.75086772018321 3.888610133521224 5
0 7.793617815516607 6.843036101751535 5
1 11.929922181318494 4.5571522903732955 5
0 7.640593243164831 7.380723644368816 5
1 12.113218526704244 5.255688170756042 5
0 8.0 0.0 5
1 10.0 0.0 5
0 7.993214113906976 0.8009903129950686 5
1 10.022592397047031 0.4514269018784044 5
0 7.97450823490766 1.6128427477772134 5
1 10.088635387807063 0.9151953558871799 5
0 7.9823751000595635 2.6395324174855093 5
1 10.193370376646312 1.4019306978191315 5
0 8.956846949146277 3.3594181390061064 5
1 10.330110010454968 1.919439984003263 5
0 8.92174113552495 4.194246763333362 5
1 10.49147848732145 2.4724434102889004 5
0 8.9759454017054 5.512234464646751 5
1 10.670386318122777 3.0629437277399862 5
0 8.86473068646633 6.072983981466609 5
1 10.860598062184856 3.6908849497349276 5
0 8.68910798831084 6.629616741213013 5
1 11.056952853939018 4.354826897304438 5
0 8.50038827499058 7.139839167071321 5
1 11.255364190248331 5.052501862533553 5
0 9.0 0.0 5
1 9.0 0.0 5
0 8.98761040613117 0.7434097040277594 5
1 9.027844486041074 0.39579885374824364 5
0 8.95488192097231 1.50737122831047 5
1 9.108523270531094 0.8090829414264364 5
0 8.975369493523724 2.5798014662013693 5
1 9.23447428011391 1.2540612389169647 5
0 8.958644586784127 3.497054342022623 5
1 9.395718957624789 1.7399579987579248 5
0 8.932944530341832 4.346803926591406 5
1 9.582087448633656 2.271135022776004 5
0 8.974045227997154 5.55296592796349 5
1 9.78458800814501 2.8482464170560196 5
0 9.730163661332755 5.805165549935284 5
1 9.995921527758352 3.469564115131147 5
0 9.486634972562626 6.334063733760662 5
1 10.210475749280912 4.132041643495034 5
0 9.270692523353166 6.836237296316286 5
1 10.424098299816608 4.832035644090671 5
0 9.0 0.0 5
1 8.0 0.0 1
0 8.995948813547022 0.8569529799114024 5
1 8.035896049912317 0.3230532203163362 3
0 8.98454290185394 1.7199872737059247 5
1 8.138213470611566 0.6730911838133873 3
0 8.992218669275054 2.8220651744881002 5
1 8.293637328162632 1.06972791359431 1
0 8.985550654285188 3.705296619558751 5
1 8.48648658256908 1.5228170269949564 3
0 9.979883310984912 4.6234363370024205 5
1 8.702769804235432 2.03448342240282 2
0 9.960160033806364 5.457396524753985 5
1 8.931599501128291 2.6022984811489502 3
0 9.938639962779657 6.324987335882233 5
1 9.165057145873142 3.2216900706150393 4
0 10.050912087209161 6.011595377158 5
1 9.39758662441035 3.887343657841507 4
0 9.886167718371453 6.4736783853529305 5
1 9.625393895872541 4.593918386608743 2
100
0 7.0 0.0 2
1 11.0 0.0 5
0 6.989134631353436 0.7343461675280627 5
1 11.021670363850685 0.42756116765182717 5
0 6.960111087913661 1.4877563934106615 5
1 11.085218127286804 0.866229362539795 5
0 7.822951254239811 1.8403440324754174 5
1 11.186595010540696 1.3257209802473653 5
0 7.88294310976092 2.9414740427519783 5
1 11.32002391958238 1.8134309575143739 5
0 7.835464990053475 3.793253241831375 5
1 11.478998161268642 2.3341447908645705 5
0 7.912761520621761 5.043034308798033 5
1 11.657105153351212 2.8902710070702518 5
0 7.788472723824066 5.681193070554317 5
1 11.848544037660378 3.48233925647766 5
0 7.608422632204065 6.344344116518578 5
1 12.04836279457591 4.1095459976420585 5
0 7.427455922632437 6.853990224640442 5
1 12.252503762775435 4.770228165248083 5
0 8.0 0.0 5
1 10.0 0.0 5
0 7.980583157148248 0.6625752452941438 5
1 10.026395848227224 0.37362877454957016 5
0 7.931750269916257 1.360841657483657 5
1 10.103208140665444 0.7627960088072078 5
0 7.944639079707063 2.3315168065482914 5
1 10.22407299162654 1.1804148843852043 5
0 7.913904051936703 3.2129794937399336 5
1 10.380417417966132 1.6353122158628746 5
0 8.905156776543175 4.0384669987831225 5
1 10.563264412280587 2.1321856392887146 5
0 8.868959653596368 4.858459159821834 5
1 10.764427423107335 2.6724366276307725 5
0 8.638017302328397 5.542349754055255 5
1 10.977033095828643 3.2552224369640324 5
0 8.425117052861856 6.067659604021323 5
1 11.195598120229857 3.8783532234129092 5
0 8.220713299764197 6.566192662802646 5
1 11.41589327262434 4.538933338179103 5
0 8.0 0.0 5
1 9.0 0.0 5
0 7.993214113906976 0.8009903129950686 5
1 9.03356206588556 0.3037143294865113 5
0 7.97450823490766 1.6128427477772134 5
1 9.129841006583483 0.6310944327382167 5
0 7.9823751000595635 2.6395324174855093 5
1 9.277722464213127 0.9999494787842741 5
0 8.956846949146277 3.3594181390061064 5
1 9.463724341623767 1.4200645011810553 5
0 8.92174113552495 4.194246763333362 5
1 9.675378251165949 1.8945330326809753 5
0 8.9759454017054 5.512234464646751 5
1 9.902606403188033 2.4222300614093872 5
0 9.322079128680512 5.1836964000823516 5
1 10.137782181218336 2.999844283621425 5
0 9.10696374529534 5.721103358617627 5
1 10.375313056530299 3.6231389948565433 5
0 8.904571324828538 6.225161047608694 5
1 10.611173019135576 4.2876373418108455 5
0 9.0 0.0 5
1 8.0 0.0 3
0 8.98761040613117 0.7434097040277594 5
1 8.046364983846871 0.20423166769431578 5
0 8.95488192097231 1.50737122831047 5
1 8.174897918862847 0.4508320478862518 3
0 8.975369493523724 2.5798014662013693 5
1 8.36242711972659 0.7646393860533935 4
0 8.958644586784127 3.497054342022623 5
1 8.586600200010505 1.152312837051716 4
0 8.932944530341832 4.346803926591406 5
1 8.831215032483154 1.6106877389869743 5
0 8.974045227997154 5.55296592796349 5
1 9.08551710111479 2.1331940644664025 5
0 9.730163661332755 5.805165549935284 5
1 9.342366660417602 2.7126849732761125 5
0 9.566122511253404 5.337227874056126 5
1 9.596932256532215 3.3423807146744866 5
0 9.426934882141836 5.8485185482305 5
1 9.845922836305789 4.016123189599352 2
0 9.0 0.0 5
1 8.0 0.0 0
0 8.995948813547022 0.8569529799114024 5
1 8.035896049912317 0.3230532203163362 2
0 8.98454290185394 1.7199872737059247 5
1 8.138213470611566 0.6730911838133873 1
0 8.992218669275054 2.8220651744881002 5
1 7.5229889411784 0.4324673203998133 0
0 8.985550654285188 3.705296619558751 5
1 7.787967398062679 0.8072256988777744 2
0 9.979883310984912 4.6234363370024205 5
1 8.060948087465677 1.2676295354838558 0
0 9.960160033806364 5.457396524753985 5
1 8.335581058268092 1.799327737117449 0
0 10.247869509629053 5.373999908333731 5
1 8.607281641028338 2.3916982115012737 2
0 10.050912087209161 6.011595377158 5
1 8.872635841064312 3.036211074124738 1
0 10.19755481697661 5.523395230276369 5
1 9.129212547843089 3.7256994799569263 0
100
0 7.0 0.0 0
1 10.0 0.0 5
0 6.989134631353436 0.7343461675280627 5
1 10.027274271514313 0.32184261891909016 5
0 6.960111087913661 1.4877563934106615 5
1 10.10696786457209 0.6588012460787168 5
0 7.822951254239811 1.8403440324754174 5
1 10.233250549971302 1.0238363342289714 5
0 7.88294310976092 2.9414740427519783 5
1 10.397967222676645 1.426376119421266 5
0 7.835464990053475 3.793253241831375 5
1 10.592192249954836 1.8720027394789691 5
0 8.795892538590344 4.573907881167086 5
1 10.807436704762766 2.362953714092576 5
0 8.565807193381774 5.052105538936152 5
1 11.036326129341376 2.898985102120373 5
0 8.301342451559178 5.623329467607145 5
1 11.272831890821958 3.478236392675859 5
0 8.076081608984293 6.092882663907673 5
1 11.51222879740154 4.097923936761693 5
0 8.0 0.0 5
1 9.0 0.0 5
0 7.980583157148248 0.6625752452941438 5
1 9.033930601346905 0.2511023131839353 5
0 7.931750269916257 1.360841657483657 5
1 9.132115556094249 0.5240928622195797 5
0 7.944639079707063 2.3315168065482914 5
1 9.285032490822243 0.8366083430727775 5
0 7.913904051936703 3.2129794937399336 5
1 9.480219159830332 1.1998319108555524 5
0 8.905156776543175 4.0384669987831225 5
1 9.705158747511891 1.618712496766269 5
0 8.868959653596368 4.858459159821834 5
1 9.949013065173482 2.093558898852648 5
0 9.258607437150417 4.758214635238615 5
1 10.203198471474076 2.6218347404068405 5
0 8.994465540335444 5.245563320237277 5
1 10.46127405914122 3.199554156452523 5
0 8.758162530170384 5.72289655541462 5
1 10.718568018544435 3.822178505602163 5
0 8.0 0.0 5
1 8.0 0.0 3
0 7.993214113906976 0.8009903129950686 5
1 8.044531734724089 0.15600175709461817 5
0 7.97450823490766 1.6128427477772134 5
1 8.171046625359903 0.34699350958925357 3
0 7.9823751000595635 2.6395324174855093 5
1 8.362074551779942 0.5979682597494167 5
0 8.956846949146277 3.3594181390061064 5
1 8.597338672792565 0.9206890183588476 5
0 8.92174113552495 4.194246763333362 5
1 8.859278015010448 1.3166226550730504 5
0 9.478628603326525 4.647763760222398 5
1 9.134826488253289 1.7815163950787882 5
0 9.322079128680512 5.1836964000823516 5
1 9.414966300251816 2.308803617507922 5
0 9.504632052520241 4.8035741125285005 5
1 9.69367325912158 2.8914510924086487 5
0 9.296597302843209 5.305206900620029 5
1 9.96698184802282 3.5227728210881377 2
0 9.0 0.0 5
1 8.0 0.0 0
0 8.98761040613117 0.7434097040277594 5
1 8.046364983846871 0.20423166769431578 5
0 8.95488192097231 1.50737122831047 5
1 8.174897918862847 0.4508320478862518 3
0 8.975369493523724 2.5798014662013693 5
1 7.490379959339269 0.27521753318982256 4
0 8.958644586784127 3.497054342022623 5
1 7.77748144239622 0.5646676753455072 3
0 8.932944530341832 4.346803926591406 5
1 8.080342616332652 0.9502404551979445 3
0 9.467486155400968 4.683186616205121 5
1 8.38644619408457 1.4181417118767854 5
0 10.23224119203577 4.940342936237444 5
1 8.688811793076852 1.955805831421078 4
0 9.566122511253404 5.337227874056126 5
1 8.983388763783518 2.552719785853939 5
0 9.649837912373975 4.873677925814031 5
1 9.26774737279497 3.200210735108032 0
0 9.0 0.0 5
1 8.0 0.0 0
0 8.995948813547022 0.8569529799114024 5
1 8.035896049912317 0.3230532203163362 2
0 8.98454290185394 1.7199872737059247 5
1 8.138213470611566 0.6730911838133873 0
0 8.992218669275054 2.8220651744881002 5
1 7.5229889411784 0.4324673203998133 0
0 8.985550654285188 3.705296619558751 5
1 7.787967398062679 0.8072256988777744 0
0 9.979883310984912 4.6234363370024205 5
1 8.060948087465677 1.2676295354838558 0
0 9.960160033806364 5.457396524753985 5
1 8.335581058268092 1.799327737117449 0
0 10.247869509629053 5.373999908333731 5
1 8.049506136183535 1.5617063523875079 0
0 10.359985471252838 5.060557184825121 5
1 8.347685057718275 2.185078490407969 0
0 10.19755481697661 5.523395230276369 5
1 9.129212547843089 3.7256994799569263 0
100
0 7.0 0.0 0
1 9.028478826338638 0.23695275716405978 5
0 6.989134631353436 0.7343461675280627 0
1 9.036366188212774 0.45638320925402137 5
0 6.960111087913661 1.4877563934106615 5
1 9.10726128045054 0.6830240796046432 5
0 7.822951254239811 1.8403440324754174 5
1 9.237208411749844 0.934954058789903 5
0 7.88294310976092 2.9414740427519783 5
1 9.41795808338921 1.2274236454152816 5
0 8.51464416787641 3.059280732528906 5
1 9.638598102317722 1.5709077352157852 5
0 9.540085076510403 3.9059427125361887 5
1 9.887612051306219 1.9706239970259953 5
0 9.241344830404524 4.314780033500648 5
1 10.154528990735216 2.4273562158697644 5
0 8.922664038985848 4.8397737995161005 5
1 10.430767968671006 2.9388586484077495 5
0 8.66869856548789 5.287398248872588 5
1 10.709787807980998 3.501192457369346 5
0 8.0 0.0 5
1 8.060675898051741 0.34303094831093217 3
0 7.980583157148248 0.6625752452941438 5
1 8.06073836532486 0.48109551253211996 5
0 7.931750269916257 1.360841657483657 5
1 8.13689411995832 0.6217365668581277 4
0 7.944639079707063 2.3315168065482914 5
1 8.286022979043002 0.7921112041242508 4
0 7.913904051936703 3.2129794937399336 5
1 8.497233328898503 1.0161505122675012 5
0 8.905156776543175 4.0384669987831225 5
1 8.754295500067297 1.3091013137332255 5
0 9.503993002893525 4.085974438108559 5
1 9.040251046787684 1.6762441567941235 5
0 9.258607437150417 4.758214635238615 5
1 9.340896652024409 2.1154400601683996 5
0 9.486049667539293 4.374733230104173 5
1 9.645889854609017 2.6206339555617717 5
0 9.239699324196906 4.846470679485194 5
1 9.948316216738135 3.1844386199009875 2
0 8.0 0.0 5
1 8.0 0.0 1
0 7.993214113906976 0.8009903129950686 5
1 8.044531734724089 0.15600175709461817 5
0 7.97450823490766 1.6128427477772134 5
1 8.171046625359903 0.34699350958925357 3
0 7.9823751000595635 2.6395324174855093 5
1 8.362074551779942 0.5979682597494167 5
0 8.956846949146277 3.3594181390061064 5
1 7.603984771173412 0.8055889482545888 5
0 8.92174113552495 4.194246763333362 5
1 7.9044870245821635 1.0193447302333878 4
0 9.478628603326525 4.647763760222398 5
1 8.236139136517252 1.342926559549432 4
0 9.684031964249652 4.2514999911515625 5
1 8.57615423367299 1.7643825332709517 5
0 9.504632052520241 4.8035741125285005 5
1 8.911885085484421 2.267906986862716 5
0 9.648628335784009 4.369218571714891 5
1 9.237040532607478 2.83926299961538 0
0 9.0 0.0 5
1 8.0 0.0 0
0 8.98761040613117 0.7434097040277594 5
1 8.046364983846871 0.20423166769431578 5
0 8.95488192097231 1.50737122831047 5
1 8.174897918862847 0.4508320478862518 3
0 8.975369493523724 2.5798014662013693 5
1 7.490379959339269 0.27521753318982256 3
0 8.958644586784127 3.497054342022623 5
1 7.77748144239622 0.5646676753455072 1
0 8.932944530341832 4.346803926591406 5
1 8.080342616332652 0.9502404551979445 1
0 9.467486155400968 4.683186616205121 5
1 7.488230685070997 0.9785863690955973 3
0 10.23224119203577 4.940342936237444 5
1 7.876754920778657 1.3722275280604457 2
0 9.78184617138454 4.360773419173755 5
1 8.244448247713063 1.878949117369825 0
0 9.649837912373975 4.873677925814031 5
1 9.26774737279497 3.200210735108032 0
0 9.0 0.0 5
1 8.0 0.0 0
0 8.995948813547022 0.8569529799114024 5
1 8.035896049912317 0.3230532203163362 2
0 8.98454290185394 1.7199872737059247 5
1 8.138213470611566 0.6730911838133873 0
0 8.992218669275054 2.8220651744881002 5
1 7.5229889411784 0.4324673203998133 0
0 8.985550654285188 3.705296619558751 5
1 7.787967398062679 0.8072256988777744 0
0 9.979883310984912 4.6234363370024205 5
1 8.060948087465677 1.2676295354838558 0
0 10.380906016620575 4.550218031873062 5
1 8.335581058268092 1.799327737117449 0
0 10.538130826857973 4.417052486726602 5
1 8.049506136183535 1.5617063523875079 0
0 10.359985471252838 5.060557184825121 5
1 8.347685057718275 2.185078490407969 0
0 10.490388602910713 4.567231868807473 5
1 9.129212547843089 3.7256994799569263 0
100
0 7.0 0.0 0
1 8.172776643368294 0.7544213784927243 3
0 6.989134631353436 0.7343461675280627 0
1 8.140776639831326 0.9012644977231075 5
0 6.960111087913661 1.4877563934106615 0
1 8.170867740420078 1.0339758400920638 3
0 7.822951254239811 1.8403440324754174 5
1 8.265434450907048 1.1708679605165762 5
0 7.88294310976092 2.9414740427519783 5
1 8.423520741503895 1.3327534753024897 5
0 8.51464416787641 3.059280732528906 5
1 8.639079623798827 1.5398785376871373 5
0 9.540085076510403 3.9059427125361887 5
1 8.90094355576383 1.8078810097604385 5
0 9.241344830404524 4.314780033500648 5
1 9.19516878549654 2.1451718849716714 5
0 9.449360488328926 3.989720359872807 5
1 9.508163175636797 2.5531121048453915 5
0 9.188513685271301 4.433119464608014 5
1 9.82876603521912 3.0281167383565024 1
0 8.0 0.0 5
1 7.367610614832689 1.0639057732261146 3
0 7.980583157148248 0.6625752452941438 5
1 8.06073836532486 0.48109551253211996 5
0 7.931750269916257 1.360841657483657 5
1 8.13689411995832 0.6217365668581277 3
0 7.944639079707063 2.3315168065482914 5
1 8.286022979043002 0.7921112041242508 4
0 7.913904051936703 3.2129794937399336 5
1 7.541217784148383 1.3094665162565975 5
0 8.905156776543175 4.0384669987831225 5
1 7.759216480263161 1.4081858450468494 5
0 9.503993002893525 4.085974438108559 5
1 8.044331297249101 1.5860008607605445 3
0 9.660003464887527 3.8423100392697616 5
1 8.373938283227034 1.8605057293835445 5
0 9.486049667539293 4.374733230104173 5
1 8.72450292210582 2.2319874315681183 5
0 9.631896021195613 3.926589300793733 5
1 9.07871450296906 2.690684774943919 0
0 8.0 0.0 5
1 7.42710740679194 0.819630451268951 0
0 7.993214113906976 0.8009903129950686 5
1 7.413108237446224 0.9314399345693862 5
0 7.97450823490766 1.6128427477772134 5
1 7.443164359059966 1.032695636176351 3
0 7.9823751000595635 2.6395324174855093 5
1 7.517767078961438 1.1338272816412118 5
0 8.956846949146277 3.3594181390061064 5
1 7.603984771173412 0.8055889482545888 5
0 8.92174113552495 4.194246763333362 5
1 7.9044870245821635 1.0193447302333878 4
0 9.784244456831146 3.6956088620642036 5
1 8.236139136517252 1.342926559549432 4
0 9.684031964249652 4.2514999911515625 5
1 7.590490381141467 1.5956615511356 4
0 9.76891451600648 3.8391287903387745 5
1 7.983316715902635 1.896745589338373 0
0 9.648628335784009 4.369218571714891 5
1 9.237040532607478 2.83926299961538 0
0 9.0 0.0 5
1 8.0 0.0 0
0 8.98761040613117 0.7434097040277594 5
1 7.400355331817267 0.9675609082482131 5
0 8.95488192097231 1.50737122831047 5
1 7.414305961494786 1.1000622646715013 3
0 8.975369493523724 2.5798014662013693 5
1 7.490379959339269 0.27521753318982256 3
0 8.958644586784127 3.497054342022623 5
1 7.77748144239622 0.5646676753455072 1
0 9.590825822635132 3.5936822861836317 5
1 8.080342616332652 0.9502404551979445 0
0 9.772971068727962 3.7309896997379446 5
1 7.488230685070997 0.9785863690955973 2
0 10.54718054898521 3.991231140164783 5
1 7.876754920778657 1.3722275280604457 0
0 9.78184617138454 4.360773419173755 5
1 8.244448247713063 1.878949117369825 0
0 9.82383651932689 3.8889320272298096 5
1 9.26774737279497 3.200210735108032 0
0 9.0 0.0 5
1 8.0 0.0 0
0 8.995948813547022 0.8569529799114024 5
1 7.3573863377712465 1.0576446513378541 2
0 8.98454290185394 1.7199872737059247 5
1 8.138213470611566 0.6730911838133873 0
0 8.992218669275054 2.8220651744881002 5
1 7.5229889411784 0.4324673203998133 0
0 8.985550654285188 3.705296619558751 5
1 7.787967398062679 0.8072256988777744 0
0 9.979883310984912 4.6234363370024205 5
1 8.060948087465677 1.2676295354838558 0
0 10.380906016620575 4.550218031873062 5
1 8.335581058268092 1.799327737117449 0
0 10.538130826857973 4.417052486726602 5
1 8.049506136183535 1.5617063523875079 0
0 10.578869441654737 4.084806290641006 5
1 8.347685057718275 2.185078490407969 0
0 10.490388602910713 4.567231868807473 5
1 9.129212547843089 3.7256994799569263 0
100
0 7.0 0.0 0
1 8.172776643368294 0.7544213784927243 3
0 6.989134631353436 0.7343461675280627 0
1 8.140776639831326 0.9012644977231075 4
0 6.960111087913661 1.4877563934106615 0
1 8.170867740420078 1.0339758400920638 3
0 7.822951254239811 1.8403440324754174 0
1 8.265434450907048 1.1708679605165762 5
0 7.88294310976092 2.9414740427519783 5
1 8.423520741503895 1.3327534753024897 5
0 8.51464416787641 3.059280732528906 5
1 8.639079623798827 1.5398785376871373 5
0 9.540085076510403 3.9059427125361887 5
1 8.90094355576383 1.8078810097604385 3
0 9.241344830404524 4.314780033500648 5
1 9.19516878549654 2.1451718849716714 5
0 9.449360488328926 3.989720359872807 5
1 8.587155489685752 2.1635677011901713 4
0 9.603183180223446 3.5231473716534376 5
1 8.968313067800173 2.518586865964384 0
0 8.0 0.0 5
1 7.367610614832689 1.0639057732261146 3
0 7.980583157148248 0.6625752452941438 5
1 8.06073836532486 0.48109551253211996 1
0 7.931750269916257 1.360841657483657 5
1 8.13689411995832 0.6217365668581277 2
0 7.944639079707063 2.3315168065482914 5
1 8.286022979043002 0.7921112041242508 2
0 7.913904051936703 3.2129794937399336 5
1 7.541217784148383 1.3094665162565975 5
0 8.905156776543175 4.0384669987831225 5
1 7.759216480263161 1.4081858450468494 4
0 9.503993002893525 4.085974438108559 5
1 8.044331297249101 1.5860008607605445 1
0 9.660003464887527 3.8423100392697616 5
1 8.373938283227034 1.8605057293835445 4
0 9.486049667539293 4.374733230104173 5
1 8.72450292210582 2.2319874315681183 0
0 9.631896021195613 3.926589300793733 5
1 9.07871450296906 2.690684774943919 0
0 8.0 0.0 5
1 7.42710740679194 0.819630451268951 0
0 7.993214113906976 0.8009903129950686 5
1 7.413108237446224 0.9314399345693862 5
0 7.97450823490766 1.6128427477772134 5
1 7.443164359059966 1.032695636176351 3
0 7.9823751000595635 2.6395324174855093 5
1 7.517767078961438 1.1338272816412118 5
0 8.956846949146277 3.3594181390061064 5
1 7.603984771173412 0.8055889482545888 5
0 8.92174113552495 4.194246763333362 5
1 7.9044870245821635 1.0193447302333878 4
0 9.784244456831146 3.6956088620642036 5
1 8.236139136517252 1.342926559549432 4
0 9.684031964249652 4.2514999911515625 5
1 7.590490381141467 1.5956615511356 4
0 9.76891451600648 3.8391287903387745 5
1 7.983316715902635 1.896745589338373 0
0 9.648628335784009 4.369218571714891 5
1 9.237040532607478 2.83926299961538 0
0 9.0 0.0 5
1 8.0 0.0 0
0 8.98761040613117 0.7434097040277594 5
1 7.400355331817267 0.9675609082482131 5
0 8.95488192097231 1.50737122831047 5
1 7.414305961494786 1.1000622646715013 3
0 8.975369493523724 2.5798014662013693 5
1 7.698227900134368 1.253378682237993 3
0 8.958644586784127 3.497054342022623 5
1 7.77748144239622 0.5646676753455072 1
0 9.590825822635132 3.5936822861836317 5
1 8.080342616332652 0.9502404551979445 0
0 9.772971068727962 3.7309896997379446 5
1 7.488230685070997 0.9785863690955973 2
0 10.54718054898521 3.991231140164783 5
1 7.876754920778657 1.3722275280604457 0
0 9.78184617138454 4.360773419173755 5
1 8.244448247713063 1.878949117369825 0
0 9.82383651932689 3.8889320272298096 5
1 9.26774737279497 3.200210735108032 0
0 9.0 0.0 5
1 8.0 0.0 0
0 8.995948813547022 0.8569529799114024 5
1 7.3573863377712465 1.0576446513378541 2
0 8.98454290185394 1.7199872737059247 5
1 8.138213470611566 0.6730911838133873 0
0 8.992218669275054 2.8220651744881002 5
1 7.5229889411784 0.4324673203998133 0
0 8.985550654285188 3.705296619558751 5
1 7.787967398062679 0.8072256988777744 0
0 9.885580060073684 3.6278928186831187 5
1 8.060948087465677 1.2676295354838558 0
0 10.039900216799879 3.610156839987849 5
1 8.335581058268092 1.799327737117449 0
0 10.083292130691023 3.5264786489853686 5
1 8.049506136183535 1.5617063523875079 0
0 10.578869441654737 4.084806290641006 5
1 8.347685057718275 2.185078490407969 0
0 10.095460064890254 3.6485200261402397 5
1 9.129212547843089 3.7256994799569263 0
100
0 7.0 0.0 0
1 8.041402798897098 1.7457542756513216 3
0 6.989134631353436 0.7343461675280627 0
1 8.015397875190063 1.8933734460634752 3
0 6.960111087913661 1.4877563934106615 0
1 8.02161485871203 2.0227748981932754 3
0 7.822951254239811 1.8403440324754174 0
1 8.05428224342308 2.1483211539098184 5
0 7.88294310976092 2.9414740427519783 1
1 8.104993710978947 2.2806672534621697 5
0 8.51464416787641 3.059280732528906 5
1 8.164283241670775 2.4199742117579244 5
0 9.34784928344524 2.9245939468750666 5
1 8.232789051914452 2.551903562500469 1
0 9.22006652248738 3.3150064423250347 5
1 8.340263869815534 2.6639566044309584 0
0 9.312843665551753 2.999082607160532 5
1 8.587155489685752 2.1635677011901713 0
0 9.603183180223446 3.5231473716534376 5
1 8.968313067800173 2.518586865964384 0
0 8.0 0.0 5
1 7.632290149923663 2.0282421998449713 3
0 7.980583157148248 0.6625752452941438 5
1 7.988662934393594 1.478494696538239 0
0 7.931750269916257 1.360841657483657 5
1 8.028070250983822 1.6157976140486014 1
0 7.944639079707063 2.3315168065482914 5
1 8.101701605548069 1.7749772332823155 0
0 7.913904051936703 3.2129794937399336 5
1 7.746162729818691 2.288240018781157 5
0 8.737935198781651 3.052547659318201 5
1 7.839648694775612 2.404945925943262 3
0 9.346848090170006 3.0983988833254745 5
1 8.044331297249101 1.5860008607605445 0
0 9.39583951171534 2.877832250077889 5
1 8.373938283227034 1.8605057293835445 3
0 9.356680513536563 3.3831367285005127 5
1 8.72450292210582 2.2319874315681183 0
0 9.393789796479059 2.955350182063835 5
1 9.07871450296906 2.690684774943919 0
0 8.0 0.0 5
1 7.42710740679194 0.819630451268951 0
0 7.993214113906976 0.8009903129950686 5
1 7.640717746578164 1.9051924243493699 5
0 7.97450823490766 1.6128427477772134 5
1 7.667680400632479 2.007166029301052 3
0 7.9823751000595635 2.6395324174855093 5
1 7.7157842066750195 2.1140258416952773 5
0 8.956846949146277 3.3594181390061064 5
1 7.733490400360146 1.797167635000602 5
0 8.759167701770343 3.207550316275182 5
1 7.89327936984403 2.0192819224986174 4
0 9.429074313408785 2.7608071883272878 5
1 8.020394409826826 2.31937636005393 4
0 9.457948704523792 3.277392009626039 5
1 7.590490381141467 1.5956615511356 4
0 9.448114437595942 2.8919818589222217 5
1 7.983316715902635 1.896745589338373 0
0 9.448849150898926 3.3893776268229905 5
1 9.237040532607478 2.83926299961538 0
0 9.0 0.0 5
1 8.0 0.0 0
0 8.98761040613117 0.7434097040277594 5
1 7.637843564668435 1.9389513237131948 5
0 8.95488192097231 1.50737122831047 5
1 7.660942809732741 2.0691702385790776 3
0 8.975369493523724 2.5798014662013693 5
1 7.807000915628534 2.247445295247557 3
0 8.958644586784127 3.497054342022623 5
1 7.8218089927485845 1.563684726391063 1
0 9.327331098488004 2.629021449232826 5
1 8.080342616332652 0.9502404551979445 0
0 9.430630863461523 2.7914136337070286 5
1 7.68537198471706 1.9589614544450065 2
0 9.956318605501968 3.1844584561061287 5
1 7.876754920778657 1.3722275280604457 0
0 9.525874255189281 3.3940892007656305 5
1 8.244448247713063 1.878949117369825 0
0 9.484680532396416 2.9482018764802893 5
1 9.26774737279497 3.200210735108032 0
0 9.0 0.0 5
1 8.0 0.0 0
0 8.995948813547022 0.8569529799114024 5
1 7.626107955638589 2.0208625353551506 2
0 8.98454290185394 1.7199872737059247 5
1 8.138213470611566 0.6730911838133873 0
0 8.992218669275054 2.8220651744881002 5
1 7.5229889411784 0.4324673203998133 0
0 9.118713914741349 2.7142025039144877 5
1 7.787967398062679 0.8072256988777744 0
0 9.46346047511324 2.7213526618269412 5
1 8.060948087465677 1.2676295354838558 0
0 9.540378401688963 2.7438555319960534 5
1 8.335581058268092 1.799327737117449 0
0 9.542474034542595 2.6853390726495556 5
1 8.049506136183535 1.5617063523875079 0
0 9.998118395766557 3.2707250768178486 5
1 8.347685057718275 2.185078490407969 0
0 9.581685223945232 2.790594963671543 5
1 9.129212547843089 3.7256994799569263 0
100
0 7.0 0.0 0
1 8.041402798897098 1.7457542756513216 3
0 6.989134631353436 0.7343461675280627 0
1 8.015397875190063 1.8933734460634752 3
0 6.960111087913661 1.4877563934106615 0
1 8.02161485871203 2.0227748981932754 3
0 7.822951254239811 1.8403440324754174 0
1 8.05428224342308 2.1483211539098184 5
0 7.88294310976092 2.9414740427519783 0
1 8.104993710978947 2.2806672534621697 5
0 8.51464416787641 3.059280732528906 5
1 8.164283241670775 2.4199742117579244 5
0 9.34784928344524 2.9245939468750666 5
1 8.232789051914452 2.551903562500469 0
0 9.22006652248738 3.3150064423250347 5
1 8.340263869815534 2.6639566044309584 0
0 9.312843665551753 2.999082607160532 5
1 8.587155489685752 2.1635677011901713 0
0 8.787312605582018 2.9449128124698256 5
1 8.968313067800173 2.518586865964384 0
0 7.886776941778762 0.9935695944859776 5
1 7.632290149923663 2.0282421998449713 3
0 7.980583157148248 0.6625752452941438 5
1 7.988662934393594 1.478494696538239 0
0 7.931750269916257 1.360841657483657 5
1 8.028070250983822 1.6157976140486014 0
0 7.944639079707063 2.3315168065482914 5
1 8.101701605548069 1.7749772332823155 0
0 7.913904051936703 3.2129794937399336 5
1 7.746162729818691 2.288240018781157 5
0 8.737935198781651 3.052547659318201 5
1 7.839648694775612 2.404945925943262 3
0 9.346848090170006 3.0983988833254745 5
1 8.044331297249101 1.5860008607605445 0
0 9.39583951171534 2.877832250077889 5
1 8.373938283227034 1.8605057293835445 0
0 9.356680513536563 3.3831367285005127 5
1 8.72450292210582 2.2319874315681183 0
0 9.393789796479059 2.955350182063835 5
1 9.07871450296906 2.690684774943919 0
0 7.886776941778762 0.9935695944859776 5
1 7.42710740679194 0.819630451268951 0
0 7.993214113906976 0.8009903129950686 5
1 7.640717746578164 1.9051924243493699 5
0 7.97450823490766 1.6128427477772134 5
1 7.667680400632479 2.007166029301052 3
0 7.9823751000595635 2.6395324174855093 5
1 7.7157842066750195 2.1140258416952773 5
0 8.956846949146277 3.3594181390061064 5
1 7.733490400360146 1.797167635000602 5
0 8.759167701770343 3.207550316275182 5
1 7.89327936984403 2.0192819224986174 4
0 9.429074313408785 2.7608071883272878 5
1 8.020394409826826 2.31937636005393 3
0 9.457948704523792 3.277392009626039 5
1 7.590490381141467 1.5956615511356 4
0 9.448114437595942 2.8919818589222217 5
1 7.983316715902635 1.896745589338373 0
0 9.448849150898926 3.3893776268229905 5
1 9.237040532607478 2.83926299961538 0
0 8.48454871552472 0.8569188837531728 5
1 8.0 0.0 0
0 8.98761040613117 0.7434097040277594 5
1 7.637843564668435 1.9389513237131948 5
0 8.95488192097231 1.50737122831047 5
1 7.660942809732741 2.0691702385790776 3
0 8.975369493523724 2.5798014662013693 5
1 7.807000915628534 2.247445295247557 3
0 8.958644586784127 3.497054342022623 5
1 7.8218089927485845 1.563684726391063 0
0 9.327331098488004 2.629021449232826 5
1 8.080342616332652 0.9502404551979445 0
0 9.430630863461523 2.7914136337070286 5
1 7.68537198471706 1.9589614544450065 2
0 9.017546915140908 2.839918598648911 5
1 7.876754920778657 1.3722275280604457 0
0 8.68792852521619 2.8483356358484038 5
1 8.244448247713063 1.878949117369825 0
0 9.484680532396416 2.9482018764802893 5
1 9.26774737279497 3.200210735108032 0
0 8.48454871552472 0.8569188837531728 5
1 8.0 0.0 0
0 8.995948813547022 0.8569529799114024 5
1 7.626107955638589 2.0208625353551506 2
0 8.98454290185394 1.7199872737059247 5
1 8.138213470611566 0.6730911838133873 0
0 8.992218669275054 2.8220651744881002 5
1 7.5229889411784 0.4324673203998133 0
0 9.118713914741349 2.7142025039144877 5
1 7.787967398062679 0.8072256988777744 0
0 9.46346047511324 2.7213526618269412 5
1 8.060948087465677 1.2676295354838558 0
0 9.540378401688963 2.7438555319960534 5
1 8.335581058268092 1.799327737117449 0
0 9.542474034542595 2.6853390726495556 5
1 8.049506136183535 1.5617063523875079 0
0 9.07195515745911 2.893602210887047 5
1 8.347685057718275 2.185078490407969 0
0 9.581685223945232 2.790594963671543 5
1 9.129212547843089 3.7256994799569263 0
100
0 7.0 0.0 0
1 8.041402798897098 1.7457542756513216 0
0 6.989134631353436 0.7343461675280627 0
1 8.015397875190063 1.8933734460634752 3
0 6.960111087913661 1.4877563934106615 0
1 8.02161485871203 2.0227748981932754 3
0 7.822951254239811 1.8403440324754174 0
1 8.05428224342308 2.1483211539098184 5
0 7.88294310976092 2.9414740427519783 0
1 8.104993710978947 2.2806672534621697 5
0 8.51464416787641 3.059280732528906 0
1 8.164283241670775 2.4199742117579244 0
0 9.34784928344524 2.9245939468750666 5
1 8.232789051914452 2.551903562500469 0
0 9.22006652248738 3.3150064423250347 5
1 8.340263869815534 2.6639566044309584 0
0 9.312843665551753 2.999082607160532 5
1 8.587155489685752 2.1635677011901713 0
0 8.787312605582018 2.9449128124698256 5
1 8.968313067800173 2.518586865964384 0
0 7.886776941778762 0.9935695944859776 5
1 7.632290149923663 2.0282421998449713 3
0 7.980583157148248 0.6625752452941438 5
1 7.988662934393594 1.478494696538239 0
0 7.931750269916257 1.360841657483657 5
1 8.028070250983822 1.6157976140486014 0
0 7.944639079707063 2.3315168065482914 5
1 8.101701605548069 1.7749772332823155 0
0 7.913904051936703 3.2129794937399336 5
1 7.746162729818691 2.288240018781157 5
0 8.737935198781651 3.052547659318201 5
1 7.839648694775612 2.404945925943262 1
0 9.346848090170006 3.0983988833254745 5
1 8.044331297249101 1.5860008607605445 0
0 9.39583951171534 2.877832250077889 5
1 8.373938283227034 1.8605057293835445 0
0 8.578762426103738 2.7547710314380027 5
1 8.72450292210582 2.2319874315681183 0
0 9.393789796479059 2.955350182063835 5
1 9.07871450296906 2.690684774943919 0
0 7.886776941778762 0.9935695944859776 5
1 7.42710740679194 0.819630451268951 0
0 7.993214113906976 0.8009903129950686 5
1 7.640717746578164 1.9051924243493699 5
0 7.97450823490766 1.6128427477772134 5
1 7.667680400632479 2.007166029301052 3
0 7.9823751000595635 2.6395324174855093 5
1 7.7157842066750195 2.1140258416952773 5
0 8.956846949146277 3.3594181390061064 5
1 7.733490400360146 1.797167635000602 5
0 8.759167701770343 3.207550316275182 5
1 7.89327936984403 2.0192819224986174 4
0 9.429074313408785 2.7608071883272878 5
1 8.020394409826826 2.31937636005393 2
0 8.624406839557379 2.7249357133017824 5
1 8.124385379391038 2.441212336626389 0
0 9.448114437595942 2.8919818589222217 5
1 7.983316715902635 1.896745589338373 0
0 8.650636011777424 2.787002507371833 5
1 9.237040532607478 2.83926299961538 0
0 8.48454871552472 0.8569188837531728 5
1 8.0 0.0 0
0 8.98761040613117 0.7434097040277594 5
1 7.637843564668435 1.9389513237131948 5
0 8.95488192097231 1.50737122831047 5
1 7.660942809732741 2.0691702385790776 3
0 8.975369493523724 2.5798014662013693 5
1 7.807000915628534 2.247445295247557 3
0 8.958644586784127 3.497054342022623 5
1 7.8218089927485845 1.563684726391063 0
0 9.327331098488004 2.629021449232826 5
1 8.080342616332652 0.9502404551979445 0
0 9.430630863461523 2.7914136337070286 5
1 7.68537198471706 1.9589614544450065 2
0 9.017546915140908 2.839918598648911 5
1 7.876754920778657 1.3722275280604457 0
0 8.68792852521619 2.8483356358484038 5
1 8.244448247713063 1.878949117369825 0
0 9.484680532396416 2.9482018764802893 5
1 9.26774737279497 3.200210735108032 0
0 8.48454871552472 0.8569188837531728 5
1 8.0 0.0 0
0 8.995948813547022 0.8569529799114024 5
1 7.626107955638589 2.0208625353551506 2
0 8.98454290185394 1.7199872737059247 5
1 8.138213470611566 0.6730911838133873 0
0 8.992218669275054 2.8220651744881002 5
1 7.5229889411784 0.4324673203998133 0
0 9.118713914741349 2.7142025039144877 5
1 7.787967398062679 0.8072256988777744 0
0 9.46346047511324 2.7213526618269412 5
1 8.060948087465677 1.2676295354838558 0
0 9.540378401688963 2.7438555319960534 5
1 8.335581058268092 1.799327737117449 0
0 9.542474034542595 2.6853390726495556 5
1 8.049506136183535 1.5617063523875079 0
0 9.07195515745911 2.893602210887047 5
1 8.347685057718275 2.185078490407969 0
0 9.581685223945232 2.790594963671543 5
1 9.129212547843089 3.7256994799569263 0
100
0 7.0 0.0 0
1 8.041402798897098 1.7457542756513216 0
0 6.989134631353436 0.7343461675280627 0
1 8.806223499308011 2.5054149742610794 0
0 6.960111087913661 1.4877563934106615 0
1 8.848547263740846 2.5850762386800814 3
0 7.822951254239811 1.8403440324754174 0
1 8.911736398457 2.662881521617112 5
0 7.88294310976092 2.9414740427519783 0
1 8.104993710978947 2.2806672534621697 0
0 8.51464416787641 3.059280732528906 0
1 8.164283241670775 2.4199742117579244 0
0 9.34784928344524 2.9245939468750666 3
1 8.232789051914452 2.551903562500469 0
0 8.486917234837142 2.6349387089205245 5
1 8.340263869815534 2.6639566044309584 0
0 9.312843665551753 2.999082607160532 5
1 8.587155489685752 2.1635677011901713 0
0 8.787312605582018 2.9449128124698256 5
1 8.968313067800173 2.518586865964384 0
0 7.886776941778762 0.9935695944859776 5
1 8.518604194050528 2.49132687372598 3
0 7.980583157148248 0.6625752452941438 5
1 7.988662934393594 1.478494696538239 0
0 7.931750269916257 1.360841657483657 5
1 8.028070250983822 1.6157976140486014 0
0 7.944639079707063 2.3315168065482914 5
1 8.101701605548069 1.7749772332823155 0
0 7.913904051936703 3.2129794937399336 5
1 8.675501379402483 2.6574685041256276 5
0 8.737935198781651 3.052547659318201 5
1 8.785103009426264 2.730700647948126 0
0 9.346848090170006 3.0983988833254745 5
1 8.044331297249101 1.5860008607605445 0
0 9.39583951171534 2.877832250077889 5
1 8.373938283227034 1.8605057293835445 0
0 8.578762426103738 2.7547710314380027 5
1 8.72450292210582 2.2319874315681183 0
0 9.393789796479059 2.955350182063835 5
1 9.07871450296906 2.690684774943919 0
0 7.886776941778762 0.9935695944859776 5
1 7.42710740679194 0.819630451268951 0
0 7.993214113906976 0.8009903129950686 5
1 8.4992909840759 2.4178833603455674 5
0 7.97450823490766 1.6128427477772134 5
1 8.54536240110437 2.486409501919783 3
0 7.9823751000595635 2.6395324174855093 5
1 8.611407660764137 2.5588388681293956 5
0 8.956846949146277 3.3594181390061064 5
1 8.55334810574943 2.369734961097558 0
0 8.759167701770343 3.207550316275182 5
1 8.742271483153953 2.5476874405787666 4
0 9.429074313408785 2.7608071883272878 5
1 8.020394409826826 2.31937636005393 1
0 8.624406839557379 2.7249357133017824 5
1 8.124385379391038 2.441212336626389 0
0 9.448114437595942 2.8919818589222217 5
1 7.983316715902635 1.896745589338373 0
0 8.650636011777424 2.787002507371833 5
1 9.237040532607478 2.83926299961538 0
0 8.48454871552472 0.8569188837531728 5
1 8.0 0.0 0
0 8.341990863969098 1.5070689256563843 5
1 8.504226270256385 2.4383319475444574 5
0 8.95488192097231 1.50737122831047 5
1 8.55282411555365 2.5214397780433133 3
0 8.975369493523724 2.5798014662013693 5
1 8.722496469190236 2.649773384508986 3
0 8.958644586784127 3.497054342022623 5
1 7.8218089927485845 1.563684726391063 0
0 9.327331098488004 2.629021449232826 5
1 8.080342616332652 0.9502404551979445 0
0 9.430630863461523 2.7914136337070286 5
1 8.550087946775346 2.4612226464174833 2
0 9.017546915140908 2.839918598648911 5
1 7.876754920778657 1.3722275280604457 0
0 8.68792852521619 2.8483356358484038 5
1 8.244448247713063 1.878949117369825 0
0 8.584507013920051 2.512670434866849 5
1 9.26774737279497 3.200210735108032 0
0 8.48454871552472 0.8569188837531728 5
1 8.0 0.0 0
0 8.995948813547022 0.8569529799114024 5
1 8.511544542651839 2.4856227427506723 2
0 8.98454290185394 1.7199872737059247 5
1 8.138213470611566 0.6730911838133873 0
0 8.992218669275054 2.8220651744881002 5
1 7.5229889411784 0.4324673203998133 0
0 9.118713914741349 2.7142025039144877 5
1 7.787967398062679 0.8072256988777744 0
0 9.46346047511324 2.7213526618269412 5
1 8.060948087465677 1.2676295354838558 0
0 8.588700969324496 2.4367560941454247 5
1 8.335581058268092 1.799327737117449 0
0 9.542474034542595 2.6853390726495556 5
1 8.049506136183535 1.5617063523875079 0
0 9.07195515745911 2.893602210887047 5
1 8.347685057718275 2.185078490407969 0
0 8.636455103607776 2.4641902768074604 5
1 9.129212547843089 3.7256994799569263 0
100
0 7.0 0.0 0
1 8.041402798897098 1.7457542756513216 0
0 6.989134631353436 0.7343461675280627 0
1 8.806223499308011 2.5054149742610794 0
0 6.960111087913661 1.4877563934106615 0
1 8.848547263740846 2.5850762386800814 3
0 7.822951254239811 1.8403440324754174 0
1 8.911736398457 2.662881521617112 0
0 7.88294310976092 2.9414740427519783 0
1 8.104993710978947 2.2806672534621697 0
0 8.51464416787641 3.059280732528906 0
1 8.164283241670775 2.4199742117579244 0
0 9.34784928344524 2.9245939468750666 0
1 8.232789051914452 2.551903562500469 0
0 8.486917234837142 2.6349387089205245 5
1 8.340263869815534 2.6639566044309584 0
0 9.312843665551753 2.999082607160532 5
1 8.587155489685752 2.1635677011901713 0
0 8.787312605582018 2.9449128124698256 5
1 8.968313067800173 2.518586865964384 0
0 7.886776941778762 0.9935695944859776 5
1 8.518604194050528 2.49132687372598 3
0 8.004605210214795 1.6622866741407225 5
1 7.988662934393594 1.478494696538239 0
0 7.931750269916257 1.360841657483657 5
1 8.028070250983822 1.6157976140486014 0
0 7.944639079707063 2.3315168065482914 5
1 8.101701605548069 1.7749772332823155 0
0 7.913904051936703 3.2129794937399336 5
1 8.675501379402483 2.6574685041256276 0
0 8.737935198781651 3.052547659318201 5
1 8.785103009426264 2.730700647948126 0
0 9.346848090170006 3.0983988833254745 5
1 8.044331297249101 1.5860008607605445 0
0 9.39583951171534 2.877832250077889 5
1 8.373938283227034 1.8605057293835445 0
0 8.578762426103738 2.7547710314380027 5
1 8.72450292210582 2.2319874315681183 0
0 9.393789796479059 2.955350182063835 5
1 9.07871450296906 2.690684774943919 0
0 7.886776941778762 0.9935695944859776 5
1 7.42710740679194 0.819630451268951 0
0 8.011112027431377 1.8008301325119116 5
1 8.4992909840759 2.4178833603455674 3
0 7.97450823490766 1.6128427477772134 5
1 8.54536240110437 2.486409501919783 3
0 7.9823751000595635 2.6395324174855093 5
1 8.611407660764137 2.5588388681293956 5
0 8.956846949146277 3.3594181390061064 5
1 8.55334810574943 2.369734961097558 0
0 8.759167701770343 3.207550316275182 5
1 8.742271483153953 2.5476874405787666 4
0 9.429074313408785 2.7608071883272878 5
1 8.020394409826826 2.31937636005393 0
0 8.624406839557379 2.7249357133017824 5
1 8.124385379391038 2.441212336626389 0
0 9.448114437595942 2.8919818589222217 5
1 7.983316715902635 1.896745589338373 0
0 8.650636011777424 2.787002507371833 5
1 9.237040532607478 2.83926299961538 0
0 8.182039394673383 1.810065310488364 5
1 8.0 0.0 0
0 8.341990863969098 1.5070689256563843 5
1 8.504226270256385 2.4383319475444574 5
0 8.95488192097231 1.50737122831047 5
1 8.55282411555365 2.5214397780433133 1
0 8.975369493523724 2.5798014662013693 5
1 8.722496469190236 2.649773384508986 2
0 8.958644586784127 3.497054342022623 5
1 7.8218089927485845 1.563684726391063 0
0 9.327331098488004 2.629021449232826 5
1 8.080342616332652 0.9502404551979445 0
0 9.430630863461523 2.7914136337070286 5
1 8.550087946775346 2.4612226464174833 0
0 9.017546915140908 2.839918598648911 5
1 7.876754920778657 1.3722275280604457 0
0 8.68792852521619 2.8483356358484038 5
1 8.244448247713063 1.878949117369825 0
0 8.584507013920051 2.512670434866849 5
1 9.26774737279497 3.200210735108032 0
0 8.182039394673383 1.810065310488364 5
1 8.0 0.0 0
0 8.692746174651154 1.809879083954408 5
1 8.511544542651839 2.4856227427506723 2
0 8.98454290185394 1.7199872737059247 5
1 8.138213470611566 0.6730911838133873 0
0 8.992218669275054 2.8220651744881002 5
1 7.5229889411784 0.4324673203998133 0
0 9.118713914741349 2.7142025039144877 5
1 7.787967398062679 0.8072256988777744 0
0 9.46346047511324 2.7213526618269412 5
1 8.060948087465677 1.2676295354838558 0
0 8.588700969324496 2.4367560941454247 5
1 8.335581058268092 1.799327737117449 0
0 9.542474034542595 2.6853390726495556 5
1 8.049506136183535 1.5617063523875079 0
0 9.07195515745911 2.893602210887047 5
1 8.347685057718275 2.185078490407969 0
0 8.636455103607776 2.4641902768074604 5
1 9.129212547843089 3.7256994799569263 0
100
0 7.0 0.0 0
1 8.041402798897098 1.7457542756513216 0
0 6.989134631353436 0.7343461675280627 0
1 8.806223499308011 2.5054149742610794 0
0 6.960111087913661 1.4877563934106615 0
1 8.848547263740846 2.5850762386800814 0
0 7.822951254239811 1.8403440324754174 0
1 8.911736398457 2.662881521617112 0
0 7.88294310976092 2.9414740427519783 0
1 8.104993710978947 2.2806672534621697 0
0 8.51464416787641 3.059280732528906 0
1 8.164283241670775 2.4199742117579244 0
0 9.34784928344524 2.9245939468750666 0
1 8.232789051914452 2.551903562500469 0
0 8.486917234837142 2.6349387089205245 0
1 8.340263869815534 2.6639566044309584 0
0 9.312843665551753 2.999082607160532 5
1 8.587155489685752 2.1635677011901713 0
0 8.787312605582018 2.9449128124698256 5
1 8.968313067800173 2.518586865964384 0
0 8.281836874825935 1.9122249429713403 5
1 8.518604194050528 2.49132687372598 3
0 8.004605210214795 1.6622866741407225 5
1 7.988662934393594 1.478494696538239 0
0 7.931750269916257 1.360841657483657 5
1 8.028070250983822 1.6157976140486014 0
0 7.944639079707063 2.3315168065482914 5
1 8.101701605548069 1.7749772332823155 0
0 7.913904051936703 3.2129794937399336 5
1 8.675501379402483 2.6574685041256276 0
0 8.737935198781651 3.052547659318201 5
1 8.785103009426264 2.730700647948126 0
0 9.346848090170006 3.0983988833254745 5
1 8.044331297249101 1.5860008607605445 0
0 9.39583951171534 2.877832250077889 5
1 8.373938283227034 1.8605057293835445 0
0 8.578762426103738 2.7547710314380027 5
1 8.72450292210582 2.2319874315681183 0
0 9.393789796479059 2.955350182063835 5
1 9.07871450296906 2.690684774943919 0
0 8.281836874825935 1.9122249429713403 5
1 7.42710740679194 0.819630451268951 0
0 8.011112027431377 1.8008301325119116 5
1 8.4992909840759 2.4178833603455674 0
0 7.97450823490766 1.6128427477772134 5
1 8.54536240110437 2.486409501919783 1
0 7.9823751000595635 2.6395324174855093 5
1 8.611407660764137 2.5588388681293956 5
0 8.956846949146277 3.3594181390061064 5
1 8.55334810574943 2.369734961097558 0
0 8.759167701770343 3.207550316275182 5
1 8.742271483153953 2.5476874405787666 4
0 9.429074313408785 2.7608071883272878 5
1 8.020394409826826 2.31937636005393 0
0 8.624406839557379 2.7249357133017824 5
1 8.124385379391038 2.441212336626389 0
0 9.448114437595942 2.8919818589222217 5
1 7.983316715902635 1.896745589338373 0
0 8.650636011777424 2.787002507371833 5
1 9.237040532607478 2.83926299961538 0
0 8.182039394673383 1.810065310488364 5
1 8.0 0.0 0
0 8.341990863969098 1.5070689256563843 5
1 8.504226270256385 2.4383319475444574 5
0 8.95488192097231 1.50737122831047 5
1 8.55282411555365 2.5214397780433133 0
0 8.975369493523724 2.5798014662013693 5
1 8.722496469190236 2.649773384508986 0
0 8.958644586784127 3.497054342022623 5
1 7.8218089927485845 1.563684726391063 0
0 9.327331098488004 2.629021449232826 5
1 8.080342616332652 0.9502404551979445 0
0 9.430630863461523 2.7914136337070286 5
1 8.550087946775346 2.4612226464174833 0
0 9.017546915140908 2.839918598648911 5
1 7.876754920778657 1.3722275280604457 0
0 8.68792852521619 2.8483356358484038 5
1 8.244448247713063 1.878949117369825 0
0 8.584507013920051 2.512670434866849 5
1 9.26774737279497 3.200210735108032 0
0 8.182039394673383 1.810065310488364 5
1 8.0 0.0 0
0 8.692746174651154 1.809879083954408 5
1 8.511544542651839 2.4856227427506723 0
0 8.98454290185394 1.7199872737059247 5
1 8.138213470611566 0.6730911838133873 0
0 8.992218669275054 2.8220651744881002 5
1 7.5229889411784 0.4324673203998133 0
0 9.118713914741349 2.7142025039144877 5
1 7.787967398062679 0.8072256988777744 0
0 9.46346047511324 2.7213526618269412 5
1 8.060948087465677 1.2676295354838558 0
0 8.588700969324496 2.4367560941454247 5
1 8.335581058268092 1.799327737117449 0
0 9.542474034542595 2.6853390726495556 5
1 8.049506136183535 1.5617063523875079 0
0 9.07195515745911 2.893602210887047 5
1 8.347685057718275 2.185078490407969 0
0 8.636455103607776 2.4641902768074604 5
1 9.129212547843089 3.7256994799569263 0
100
0 7.0 0.0 0
1 8.041402798897098 1.7457542756513216 0
0 6.989134631353436 0.7343461675280627 0
1 8.806223499308011 2.5054149742610794 0
0 6.960111087913661 1.4877563934106615 0
1 8.848547263740846 2.5850762386800814 0
0 7.822951254239811 1.8403440324754174 0
1 8.911736398457 2.662881521617112 0
0 7.88294310976092 2.9414740427519783 0
1 8.104993710978947 2.2806672534621697 0
0 8.51464416787641 3.059280732528906 0
1 8.164283241670775 2.4199742117579244 0
0 9.34784928344524 2.9245939468750666 0
1 8.232789051914452 2.551903562500469 0
0 8.486917234837142 2.6349387089205245 0
1 8.340263869815534 2.6639566044309584 0
0 9.312843665551753 2.999082607160532 0
1 8.587155489685752 2.1635677011901713 0
0 8.787312605582018 2.9449128124698256 5
1 8.968313067800173 2.518586865964384 0
0 8.281836874825935 1.9122249429713403 5
1 8.518604194050528 2.49132687372598 1
0 8.004605210214795 1.6622866741407225 5
1 7.988662934393594 1.478494696538239 0
0 7.931750269916257 1.360841657483657 5
1 8.028070250983822 1.6157976140486014 0
0 7.944639079707063 2.3315168065482914 5
1 8.101701605548069 1.7749772332823155 0
0 7.913904051936703 3.2129794937399336 5
1 8.675501379402483 2.6574685041256276 0
0 8.737935198781651 3.052547659318201 5
1 8.785103009426264 2.730700647948126 0
0 9.346848090170006 3.0983988833254745 5
1 8.044331297249101 1.5860008607605445 0
0 9.39583951171534 2.877832250077889 5
1 8.373938283227034 1.8605057293835445 0
0 8.578762426103738 2.7547710314380027 5
1 8.72450292210582 2.2319874315681183 0
0 9.393789796479059 2.955350182063835 5
1 9.07871450296906 2.690684774943919 0
0 8.281836874825935 1.9122249429713403 5
1 7.42710740679194 0.819630451268951 0
0 8.011112027431377 1.8008301325119116 5
1 8.4992909840759 2.4178833603455674 0
0 7.97450823490766 1.6128427477772134 5
1 8.54536240110437 2.486409501919783 0
0 7.9823751000595635 2.6395324174855093 5
1 8.611407660764137 2.5588388681293956 1
0 8.956846949146277 3.3594181390061064 5
1 8.55334810574943 2.369734961097558 0
0 8.759167701770343 3.207550316275182 5
1 8.742271483153953 2.5476874405787666 0
0 9.429074313408785 2.7608071883272878 5
1 8.020394409826826 2.31937636005393 0
0 8.624406839557379 2.7249357133017824 5
1 8.124385379391038 2.441212336626389 0
0 9.448114437595942 2.8919818589222217 5
1 7.983316715902635 1.896745589338373 0
0 8.650636011777424 2.787002507371833 5
1 9.237040532607478 2.83926299961538 0
0 8.182039394673383 1.810065310488364 5
1 8.0 0.0 0
0 8.341990863969098 1.5070689256563843 5
1 8.504226270256385 2.4383319475444574 0
0 8.95488192097231 1.50737122831047 5
1 8.55282411555365 2.5214397780433133 0
0 8.975369493523724 2.5798014662013693 5
1 8.722496469190236 2.649773384508986 0
0 8.958644586784127 3.497054342022623 5
1 7.8218089927485845 1.563684726391063 0
0 9.327331098488004 2.629021449232826 5
1 8.080342616332652 0.9502404551979445 0
0 9.430630863461523 2.7914136337070286 5
1 8.550087946775346 2.4612226464174833 0
0 9.017546915140908 2.839918598648911 5
1 7.876754920778657 1.3722275280604457 0
0 8.68792852521619 2.8483356358484038 5
1 8.244448247713063 1.878949117369825 0
0 8.584507013920051 2.512670434866849 5
1 9.26774737279497 3.200210735108032 0
0 8.182039394673383 1.810065310488364 5
1 8.0 0.0 0
0 8.692746174651154 1.809879083954408 5
1 8.511544542651839 2.4856227427506723 0
0 8.98454290185394 1.7199872737059247 5
1 8.138213470611566 0.6730911838133873 0
0 8.992218669275054 2.8220651744881002 5
1 7.5229889411784 0.4324673203998133 0
0 9.118713914741349 2.7142025039144877 5
1 7.787967398062679 0.8072256988777744 0
0 9.46346047511324 2.7213526618269412 5
1 8.060948087465677 1.2676295354838558 0
0 8.588700969324496 2.4367560941454247 5
1 8.335581058268092 1.799327737117449 0
0 9.542474034542595 2.6853390726495556 5
1 8.049506136183535 1.5617063523875079 0
0 9.07195515745911 2.893602210887047 5
1 8.347685057718275 2.185078490407969 0
0 8.636455103607776 2.4641902768074604 5
1 9.129212547843089 3.7256994799569263 0
100
0 7.0 0.0 0
1 8.041402798897098 1.7457542756513216 0
0 6.989134631353436 0.7343461675280627 0
1 8.806223499308011 2.5054149742610794 0
0 6.960111087913661 1.4877563934106615 0
1 8.848547263740846 2.5850762386800814 0
0 7.822951254239811 1.8403440324754174 0
1 8.911736398457 2.662881521617112 0
0 7.88294310976092 2.9414740427519783 0
1 8.104993710978947 2.2806672534621697 0
0 8.51464416787641 3.059280732528906 0
1 8.164283241670775 2.4199742117579244 0
0 9.34784928344524 2.9245939468750666 0
1 8.232789051914452 2.551903562500469 0
0 8.486917234837142 2.6349387089205245 0
1 8.340263869815534 2.6639566044309584 0
0 9.312843665551753 2.999082607160532 0
1 8.587155489685752 2.1635677011901713 0
0 8.787312605582018 2.9449128124698256 3
1 8.968313067800173 2.518586865964384 0
0 8.281836874825935 1.9122249429713403 5
1 8.518604194050528 2.49132687372598 0
0 8.004605210214795 1.6622866741407225 5
1 7.988662934393594 1.478494696538239 0
0 7.931750269916257 1.360841657483657 5
1 8.028070250983822 1.6157976140486014 0
0 7.944639079707063 2.3315168065482914 5
1 8.101701605548069 1.7749772332823155 0
0 7.913904051936703 3.2129794937399336 5
1 8.675501379402483 2.6574685041256276 0
0 8.737935198781651 3.052547659318201 5
1 8.785103009426264 2.730700647948126 0
0 9.346848090170006 3.0983988833254745 5
1 8.044331297249101 1.5860008607605445 0
0 9.39583951171534 2.877832250077889 5
1 8.373938283227034 1.8605057293835445 0
0 8.578762426103738 2.7547710314380027 5
1 8.72450292210582 2.2319874315681183 0
0 9.393789796479059 2.955350182063835 5
1 9.07871450296906 2.690684774943919 0
0 8.281836874825935 1.9122249429713403 5
1 7.42710740679194 0.819630451268951 0
0 8.011112027431377 1.8008301325119116 5
1 8.4992909840759 2.4178833603455674 0
0 7.97450823490766 1.6128427477772134 5
1 8.54536240110437 2.486409501919783 0
0 7.9823751000595635 2.6395324174855093 5
1 8.611407660764137 2.5588388681293956 0
0 8.956846949146277 3.3594181390061064 5
1 8.55334810574943 2.369734961097558 0
0 8.759167701770343 3.207550316275182 5
1 8.742271483153953 2.5476874405787666 0
0 9.429074313408785 2.7608071883272878 5
1 8.020394409826826 2.31937636005393 0
0 8.624406839557379 2.7249357133017824 5
1 8.124385379391038 2.441212336626389 0
0 9.448114437595942 2.8919818589222217 5
1 7.983316715902635 1.896745589338373 0
0 8.650636011777424 2.787002507371833 5
1 9.237040532607478 2.83926299961538 0
0 8.182039394673383 1.810065310488364 5
1 8.0 0.0 0
0 8.341990863969098 1.5070689256563843 5
1 8.504226270256385 2.4383319475444574 0
0 8.95488192097231 1.50737122831047 5
1 8.55282411555365 2.5214397780433133 0
0 8.975369493523724 2.5798014662013693 5
1 8.722496469190236 2.649773384508986 0
0 8.958644586784127 3.497054342022623 5
1 7.8218089927485845 1.563684726391063 0
0 9.327331098488004 2.629021449232826 5
1 8.080342616332652 0.9502404551979445 0
0 9.430630863461523 2.7914136337070286 5
1 8.550087946775346 2.4612226464174833 0
0 9.017546915140908 2.839918598648911 5
1 7.876754920778657 1.3722275280604457 0
0 8.68792852521619 2.8483356358484038 5
1 8.244448247713063 1.878949117369825 0
0 8.584507013920051 2.512670434866849 5
1 9.26774737279497 3.200210735108032 0
0 8.182039394673383 1.810065310488364 5
1 8.0 0.0 0
0 8.692746174651154 1.809879083954408 5
1 8.511544542651839 2.4856227427506723 0
0 8.98454290185394 1.7199872737059247 5
1 8.138213470611566 0.6730911838133873 0
0 8.992218669275054 2.8220651744881002 5
1 7.5229889411784 0.4324673203998133 0
0 9.118713914741349 2.7142025039144877 5
1 7.787967398062679 0.8072256988777744 0
0 9.46346047511324 2.7213526618269412 5
1 8.060948087465677 1.2676295354838558 0
0 8.588700969324496 2.4367560941454247 5
1 8.335581058268092 1.799327737117449 0
0 9.542474034542595 2.6853390726495556 5
1 8.049506136183535 1.5617063523875079 0
0 9.07195515745911 2.893602210887047 5
1 8.347685057718275 2.185078490407969 0
0 8.636455103607776 2.4641902768074604 5
1 9.129212547843089 3.7256994799569263 0
